[19717.751470] [Project1] 24836 1588157246.818083309 1588157247.699222112
[19719.472994] [Project1] 24837 1588157248.552146716 1588157249.420746217
[19721.185795] [Project1] 24838 1588157250.268827746 1588157251.133546586
[19722.912796] [Project1] 24841 1588157251.991403940 1588157252.860548761
[19724.640968] [Project1] 24843 1588157253.721327156 1588157254.588720637
[19726.363787] [Project1] 24844 1588157255.444650092 1588157256.311538202
[19728.095849] [Project1] 24845 1588157257.166647441 1588157258.043600796
[19729.826247] [Project1] 24846 1588157258.901035470 1588157259.774003962
[19731.552895] [Project1] 24847 1588157260.626067003 1588157261.500647152
[19733.279439] [Project1] 24848 1588157262.358255033 1588157263.227197594
